%YAML:1.0
---
model_type: PINHOLE
camera_name: camera
image_width: 640
image_height: 480
distortion_parameters:
   k1: 0
   k2: 0
   p1: 0
   p2: 0
projection_parameters:
   fx: 395.80426777047927
   fy: 398.1361799271774
   cx: 321.77659844943565
   cy: 245.86312789272498
