%YAML:1.0
---
model_type: PINHOLE
camera_name: camera
image_width: 640
image_height: 480
distortion_parameters:
   k1: 0
   k2: 0
   p1: 0
   p2: 0
projection_parameters:
   fx: 395.18127728664786
   fy: 397.60827667983546
   cx: 320.9378359997611
   cy: 245.67685849276543
