%YAML:1.0
---
model_type: PINHOLE
camera_name: camera
image_width: 1280
image_height: 720
distortion_parameters:
   k1: 5.897900209641088e-02
   k2: -1.31900529080637e-01
   p1: -5.672860233083409e-04
   p2: -1.317672750906847e-03
projection_parameters:
   fx: 8.801648054027397e+02
   fy: 8.801648054027397e+02
   cx: 5.868484573364258e+02
   cy: 3.663084259033203e+02
