%YAML:1.0
---
model_type: PINHOLE
camera_name: camera
image_width: 1280
image_height: 720
distortion_parameters:
   k1: 4.757941787156564e-02
   k2: -9.264456780448158e-02
   p1: 1.823615562803547e-04
   p2: -1.065782557247142e-03
projection_parameters:
   fx: 8.801648054027397e+02
   fy: 8.801648054027397e+02
   cx: 5.868484573364258e+02
   cy: 3.663084259033203e+02
