%YAML:1.0
---
model_type: MEI
camera_name: camera
image_width: 1280
image_height: 800
mirror_parameters:
   xi: 2.0804981780646714e+00
distortion_parameters:
   k1: -7.620959810407742e-02
   k2: 5.057049510859556e-01
   p1: -3.908131332416237e-05
   p2: -1.6692939378246607e-03
projection_parameters:
   gamma1: 1.569719960601103e+03
   gamma2: 1.5700686212301207e+03
   u0: 6.595767376957806e+02
   v0: 3.899044110036301e+02
