%YAML:1.0
---
model_type: MEI
camera_name: camera
image_width: 1280
image_height: 800
mirror_parameters:
   xi: 2.0887643075848614e+00
distortion_parameters:
   k1: -7.960312969997298e-02
   k2: 5.073446051381693e-01
   p1: -6.589293364723695e-05
   p2: 1.5828613617281041e-03
projection_parameters:
   gamma1: 1.5803057238063336e+03
   gamma2: 1.5802856067822095e+03
   u0: 6.845534520631712e+02
   v0: 3.783685451483124e+02
